wide
1.0 7345.463333333333
0.1 14416.295555555556
0.01 32461.564444444444
0.001 64612.944444444445
0.0001 105239.39
0.00001 187862.82222222222
0.000001 229234.95777777777
0 229234.95777777777
chicago
1.0 74465.63444444444
0.1 170709.43777777778
0.01 290360.9766666667
0.001 399762.22222222225
0.0001 509718.9711111111
0.00001 727732.9011111112
0.000001 877418.9144444445
0 877418.9155555556
sinet
1.0 39066.933333333334
0.1 78345.67777777778
0.01 152936.55555555556
0.001 246819.38888888888
0.0001 355960.0333333333
0.00001 433062.2111111111
0.000001 577332.2222222222
0 577332.2555555556
