wide
100 100 42574405 101109954 
200 50 30758514 61588641 
1000 10 41468676 41468676 
20 100 111229523 159794132 
40 50 78325311 128973780 
200 10 41744299 57552004 
chicago
100 100 548576713 733225611 
200 50 460358874 683310286 
1000 10 295009282 430570362 
20 100 684704475 761207812 
40 50 633724158 728191750 
200 10 431659585 514041964 
sinet
100 100 29503702 43360567 
200 50 22943647 38127788 
1000 10 15781858 20333083 
20 100 41878439 48839748 
40 50 36908206 45072027 
200 10 22523781 29135636 
wide
wide
