wide
100 100 47361.392222222225 115181.22111111111 
200 50 34204.38 67062.33111111111 
1000 10 46076.306666666664 46076.306666666664 
20 100 124814.27888888889 189992.8488888889 
40 50 89775.3411111111 165406.27444444445 
200 10 46840.92 77964.75222222222 
chicago
100 100 609891.3444444444 829916.5566666666 
200 50 512596.04333333333 796360.9 
1000 10 333675.5211111111 612914.5377777778 
20 100 762405.6344444444 862772.9266666666 
40 50 710277.1533333333 853613.8466666667 
200 10 538889.4633333334 800664.5644444445 
sinet
100 100 328035.44444444444 487540.4 
200 50 255563.4 434655 
1000 10 175376.52222222224 240171.14444444445 
20 100 466715.94444444444 554385.8222222222 
40 50 416089.26666666666 534076.9222222222 
200 10 276932.1 443782.15555555554 

